
-- File succesfully imported! --

----- Iteration #1 -----

   -- a_p1: 0    1    0    2    1    3    2    1    2    4    3    5    4    3    4    5    
   -- a_p2: 1    0    2    0    3    1    1    2    4    2    5    3    3    4    5    4    
   -- k_p : 0.00 11.00 0.00 12.00 0.00 12.00 0.00 1.00 0.00 11.00 0.00 19.00 0.00 7.00 0.00 4.00 
  -> Delta: 4.000000
Path: 5 -> 4 -> 2 -> 0 
---> Actual flow_x: 0.00 4.00 0.00 0.00 4.00 0.00 0.00 4.00 


----- Iteration #2 -----

   -- a_p1: 0    1    0    2    1    3    2    1    2    4    3    5    4    3    4    5    
   -- a_p2: 1    0    2    0    3    1    1    2    4    2    5    3    3    4    5    4    
   -- k_p : 0.00 11.00 4.00 8.00 0.00 12.00 0.00 1.00 4.00 7.00 0.00 19.00 0.00 7.00 4.00 0.00 
  -> Delta: 7.000000
Path: 5 -> 3 -> 4 -> 2 -> 0 
---> Actual flow_x: 0.00 11.00 0.00 0.00 11.00 7.00 7.00 4.00 


----- Iteration #3 -----

   -- a_p1: 0    1    0    2    1    3    2    1    2    4    3    5    4    3    4    5    
   -- a_p2: 1    0    2    0    3    1    1    2    4    2    5    3    3    4    5    4    
   -- k_p : 0.00 11.00 11.00 1.00 0.00 12.00 0.00 1.00 11.00 0.00 7.00 12.00 7.00 0.00 4.00 0.00 
  -> Delta: 1.000000
Path: 5 -> 3 -> 1 -> 0 
---> Actual flow_x: 1.00 11.00 1.00 0.00 11.00 8.00 7.00 4.00 


----- Iteration #4 -----

   -- a_p1: 0    1    0    2    1    3    2    1    2    4    3    5    4    3    4    5    
   -- a_p2: 1    0    2    0    3    1    1    2    4    2    5    3    3    4    5    4    
   -- k_p : 1.00 10.00 11.00 1.00 1.00 11.00 0.00 1.00 11.00 0.00 8.00 11.00 7.00 0.00 4.00 0.00 
  -> Delta: 1.000000
Path: 5 -> 3 -> 1 -> 0 
---> Actual flow_x: 2.00 11.00 2.00 0.00 11.00 9.00 7.00 4.00 


----- Iteration #5 -----

   -- a_p1: 0    1    0    2    1    3    2    1    2    4    3    5    4    3    4    5    
   -- a_p2: 1    0    2    0    3    1    1    2    4    2    5    3    3    4    5    4    
   -- k_p : 2.00 9.00 11.00 1.00 2.00 10.00 0.00 1.00 11.00 0.00 9.00 10.00 7.00 0.00 4.00 0.00 
  -> Delta: 1.000000
Path: 5 -> 3 -> 1 -> 0 
---> Actual flow_x: 3.00 11.00 3.00 0.00 11.00 10.00 7.00 4.00 


----- Iteration #6 -----

   -- a_p1: 0    1    0    2    1    3    2    1    2    4    3    5    4    3    4    5    
   -- a_p2: 1    0    2    0    3    1    1    2    4    2    5    3    3    4    5    4    
   -- k_p : 3.00 8.00 11.00 1.00 3.00 9.00 0.00 1.00 11.00 0.00 10.00 9.00 7.00 0.00 4.00 0.00 
  -> Delta: 1.000000
Path: 5 -> 3 -> 1 -> 0 
---> Actual flow_x: 4.00 11.00 4.00 0.00 11.00 11.00 7.00 4.00 


----- Iteration #7 -----

   -- a_p1: 0    1    0    2    1    3    2    1    2    4    3    5    4    3    4    5    
   -- a_p2: 1    0    2    0    3    1    1    2    4    2    5    3    3    4    5    4    
   -- k_p : 4.00 7.00 11.00 1.00 4.00 8.00 0.00 1.00 11.00 0.00 11.00 8.00 7.00 0.00 4.00 0.00 
  -> Delta: 1.000000
Path: 5 -> 3 -> 1 -> 0 
---> Actual flow_x: 5.00 11.00 5.00 0.00 11.00 12.00 7.00 4.00 


----- Iteration #8 -----

   -- a_p1: 0    1    0    2    1    3    2    1    2    4    3    5    4    3    4    5    
   -- a_p2: 1    0    2    0    3    1    1    2    4    2    5    3    3    4    5    4    
   -- k_p : 5.00 6.00 11.00 1.00 5.00 7.00 0.00 1.00 11.00 0.00 12.00 7.00 7.00 0.00 4.00 0.00 
  -> Delta: 1.000000
Path: 5 -> 3 -> 1 -> 0 
---> Actual flow_x: 6.00 11.00 6.00 0.00 11.00 13.00 7.00 4.00 


----- Iteration #9 -----

   -- a_p1: 0    1    0    2    1    3    2    1    2    4    3    5    4    3    4    5    
   -- a_p2: 1    0    2    0    3    1    1    2    4    2    5    3    3    4    5    4    
   -- k_p : 6.00 5.00 11.00 1.00 6.00 6.00 0.00 1.00 11.00 0.00 13.00 6.00 7.00 0.00 4.00 0.00 
  -> Delta: 1.000000
Path: 5 -> 3 -> 1 -> 0 
---> Actual flow_x: 7.00 11.00 7.00 0.00 11.00 14.00 7.00 4.00 


----- Iteration #10 -----

   -- a_p1: 0    1    0    2    1    3    2    1    2    4    3    5    4    3    4    5    
   -- a_p2: 1    0    2    0    3    1    1    2    4    2    5    3    3    4    5    4    
   -- k_p : 7.00 4.00 11.00 1.00 7.00 5.00 0.00 1.00 11.00 0.00 14.00 5.00 7.00 0.00 4.00 0.00 
  -> Delta: 1.000000
Path: 5 -> 3 -> 1 -> 0 
---> Actual flow_x: 8.00 11.00 8.00 0.00 11.00 15.00 7.00 4.00 


----- Iteration #11 -----

   -- a_p1: 0    1    0    2    1    3    2    1    2    4    3    5    4    3    4    5    
   -- a_p2: 1    0    2    0    3    1    1    2    4    2    5    3    3    4    5    4    
   -- k_p : 8.00 3.00 11.00 1.00 8.00 4.00 0.00 1.00 11.00 0.00 15.00 4.00 7.00 0.00 4.00 0.00 
  -> Delta: 1.000000
Path: 5 -> 3 -> 1 -> 0 
---> Actual flow_x: 9.00 11.00 9.00 0.00 11.00 16.00 7.00 4.00 


----- Iteration #12 -----

   -- a_p1: 0    1    0    2    1    3    2    1    2    4    3    5    4    3    4    5    
   -- a_p2: 1    0    2    0    3    1    1    2    4    2    5    3    3    4    5    4    
   -- k_p : 9.00 2.00 11.00 1.00 9.00 3.00 0.00 1.00 11.00 0.00 16.00 3.00 7.00 0.00 4.00 0.00 
  -> Delta: 1.000000
Path: 5 -> 3 -> 1 -> 0 
---> Actual flow_x: 10.00 11.00 10.00 0.00 11.00 17.00 7.00 4.00 


----- Iteration #13 -----

   -- a_p1: 0    1    0    2    1    3    2    1    2    4    3    5    4    3    4    5    
   -- a_p2: 1    0    2    0    3    1    1    2    4    2    5    3    3    4    5    4    
   -- k_p : 10.00 1.00 11.00 1.00 10.00 2.00 0.00 1.00 11.00 0.00 17.00 2.00 7.00 0.00 4.00 0.00 
  -> Delta: 1.000000
Path: 5 -> 3 -> 1 -> 0 
---> Actual flow_x: 11.00 11.00 11.00 0.00 11.00 18.00 7.00 4.00 


----- Iteration #14 -----

   -- a_p1: 0    1    0    2    1    3    2    1    2    4    3    5    4    3    4    5    
   -- a_p2: 1    0    2    0    3    1    1    2    4    2    5    3    3    4    5    4    
   -- k_p : 11.00 0.00 11.00 1.00 11.00 1.00 0.00 1.00 11.00 0.00 18.00 1.00 7.00 0.00 4.00 0.00 
  -> Delta: 1.000000
Path: 5 -> 3 -> 1 -> 2 -> 0 
---> Actual flow_x: 11.00 12.00 12.00 1.00 11.00 19.00 7.00 4.00 


----- Iteration #15 -----

   -- a_p1: 0    1    0    2    1    3    2    1    2    4    3    5    4    3    4    5    
   -- a_p2: 1    0    2    0    3    1    1    2    4    2    5    3    3    4    5    4    
   -- k_p : 11.00 0.00 12.00 0.00 12.00 0.00 1.00 0.00 11.00 0.00 19.00 0.00 7.00 0.00 4.00 0.00 


---- <Results> ----

Optimal flow x:
 -> x0: 11.00  x1: 12.00  x2: 12.00  x3: 1.00  x4: 11.00  x5: 19.00  x6: 7.00  x7: 4.00 
 -> Max Flow Value: 23.000
